
GREEDY SEARCH

INITIAL STATE:

  6   5  15   9 
 12   8   2   3 
 11   0  14   7 
  4  10   1  13 

FINAL STATE:

  1   2   3   4 
 12  13  14   5 
 11   0  15   6 
 10   9   8   7 

SIZE COMPLEXITY: 10296

TIME COMPLEXITY: 3320

NUMBER OF MOVES: 248

MOVES:

  6   5  15   9 
 12   8   2   3 
 11   0  14   7 
  4  10   1  13 

  6   5  15   9 
 12   0   2   3 
 11   8  14   7 
  4  10   1  13 

  6   5  15   9 
 12   2   0   3 
 11   8  14   7 
  4  10   1  13 

  6   5   0   9 
 12   2  15   3 
 11   8  14   7 
  4  10   1  13 

  6   0   5   9 
 12   2  15   3 
 11   8  14   7 
  4  10   1  13 

  6   2   5   9 
 12   0  15   3 
 11   8  14   7 
  4  10   1  13 

  6   2   5   9 
 12  15   0   3 
 11   8  14   7 
  4  10   1  13 

  6   2   0   9 
 12  15   5   3 
 11   8  14   7 
  4  10   1  13 

  6   2   9   0 
 12  15   5   3 
 11   8  14   7 
  4  10   1  13 

  6   2   9   3 
 12  15   5   0 
 11   8  14   7 
  4  10   1  13 

  6   2   9   3 
 12  15   0   5 
 11   8  14   7 
  4  10   1  13 

  6   2   9   3 
 12  15  14   5 
 11   8   0   7 
  4  10   1  13 

  6   2   9   3 
 12  15  14   5 
 11   8   1   7 
  4  10   0  13 

  6   2   9   3 
 12  15  14   5 
 11   8   1   7 
  4  10  13   0 

  6   2   9   3 
 12  15  14   5 
 11   8   1   0 
  4  10  13   7 

  6   2   9   3 
 12  15  14   5 
 11   8   0   1 
  4  10  13   7 

  6   2   9   3 
 12  15  14   5 
 11   0   8   1 
  4  10  13   7 

  6   2   9   3 
 12   0  14   5 
 11  15   8   1 
  4  10  13   7 

  6   2   9   3 
 12  14   0   5 
 11  15   8   1 
  4  10  13   7 

  6   2   0   3 
 12  14   9   5 
 11  15   8   1 
  4  10  13   7 

  6   2   3   0 
 12  14   9   5 
 11  15   8   1 
  4  10  13   7 

  6   2   3   5 
 12  14   9   0 
 11  15   8   1 
  4  10  13   7 

  6   2   3   5 
 12  14   9   1 
 11  15   8   0 
  4  10  13   7 

  6   2   3   5 
 12  14   9   1 
 11  15   0   8 
  4  10  13   7 

  6   2   3   5 
 12  14   0   1 
 11  15   9   8 
  4  10  13   7 

  6   2   3   5 
 12  14   1   0 
 11  15   9   8 
  4  10  13   7 

  6   2   3   0 
 12  14   1   5 
 11  15   9   8 
  4  10  13   7 

  6   2   0   3 
 12  14   1   5 
 11  15   9   8 
  4  10  13   7 

  6   2   1   3 
 12  14   0   5 
 11  15   9   8 
  4  10  13   7 

  6   2   1   3 
 12   0  14   5 
 11  15   9   8 
  4  10  13   7 

  6   2   1   3 
 12  15  14   5 
 11   0   9   8 
  4  10  13   7 

  6   2   1   3 
 12  15  14   5 
 11   9   0   8 
  4  10  13   7 

  6   2   1   3 
 12  15  14   5 
 11   9  13   8 
  4  10   0   7 

  6   2   1   3 
 12  15  14   5 
 11   9  13   8 
  4   0  10   7 

  6   2   1   3 
 12  15  14   5 
 11   0  13   8 
  4   9  10   7 

  6   2   1   3 
 12  15  14   5 
 11  13   0   8 
  4   9  10   7 

  6   2   1   3 
 12  15  14   5 
 11  13   8   0 
  4   9  10   7 

  6   2   1   3 
 12  15  14   0 
 11  13   8   5 
  4   9  10   7 

  6   2   1   3 
 12  15   0  14 
 11  13   8   5 
  4   9  10   7 

  6   2   1   3 
 12   0  15  14 
 11  13   8   5 
  4   9  10   7 

  6   2   1   3 
 12  13  15  14 
 11   0   8   5 
  4   9  10   7 

  6   2   1   3 
 12  13  15  14 
 11   8   0   5 
  4   9  10   7 

  6   2   1   3 
 12  13   0  14 
 11   8  15   5 
  4   9  10   7 

  6   2   1   3 
 12  13  14   0 
 11   8  15   5 
  4   9  10   7 

  6   2   1   3 
 12  13  14   5 
 11   8  15   0 
  4   9  10   7 

  6   2   1   3 
 12  13  14   5 
 11   8   0  15 
  4   9  10   7 

  6   2   1   3 
 12  13  14   5 
 11   0   8  15 
  4   9  10   7 

  6   2   1   3 
 12  13  14   5 
 11   9   8  15 
  4   0  10   7 

  6   2   1   3 
 12  13  14   5 
 11   9   8  15 
  4  10   0   7 

  6   2   1   3 
 12  13  14   5 
 11   9   0  15 
  4  10   8   7 

  6   2   1   3 
 12  13  14   5 
 11   0   9  15 
  4  10   8   7 

  6   2   1   3 
 12  13  14   5 
 11  10   9  15 
  4   0   8   7 

  6   2   1   3 
 12  13  14   5 
 11  10   9  15 
  0   4   8   7 

  6   2   1   3 
 12  13  14   5 
  0  10   9  15 
 11   4   8   7 

  6   2   1   3 
 12  13  14   5 
 10   0   9  15 
 11   4   8   7 

  6   2   1   3 
 12  13  14   5 
 10   9   0  15 
 11   4   8   7 

  6   2   1   3 
 12  13  14   5 
 10   9  15   0 
 11   4   8   7 

  6   2   1   3 
 12  13  14   5 
 10   9  15   7 
 11   4   8   0 

  6   2   1   3 
 12  13  14   5 
 10   9  15   7 
 11   4   0   8 

  6   2   1   3 
 12  13  14   5 
 10   9  15   7 
 11   0   4   8 

  6   2   1   3 
 12  13  14   5 
 10   0  15   7 
 11   9   4   8 

  6   2   1   3 
 12  13  14   5 
 10  15   0   7 
 11   9   4   8 

  6   2   1   3 
 12  13  14   5 
 10  15   4   7 
 11   9   0   8 

  6   2   1   3 
 12  13  14   5 
 10  15   4   7 
 11   9   8   0 

  6   2   1   3 
 12  13  14   5 
 10  15   4   0 
 11   9   8   7 

  6   2   1   3 
 12  13  14   5 
 10  15   0   4 
 11   9   8   7 

  6   2   1   3 
 12  13  14   5 
 10   0  15   4 
 11   9   8   7 

  6   2   1   3 
 12  13  14   5 
  0  10  15   4 
 11   9   8   7 

  6   2   1   3 
  0  13  14   5 
 12  10  15   4 
 11   9   8   7 

  0   2   1   3 
  6  13  14   5 
 12  10  15   4 
 11   9   8   7 

  2   0   1   3 
  6  13  14   5 
 12  10  15   4 
 11   9   8   7 

  2   1   0   3 
  6  13  14   5 
 12  10  15   4 
 11   9   8   7 

  2   1  14   3 
  6  13   0   5 
 12  10  15   4 
 11   9   8   7 

  2   1  14   3 
  6   0  13   5 
 12  10  15   4 
 11   9   8   7 

  2   1  14   3 
  0   6  13   5 
 12  10  15   4 
 11   9   8   7 

  2   1  14   3 
 12   6  13   5 
  0  10  15   4 
 11   9   8   7 

  2   1  14   3 
 12   6  13   5 
 10   0  15   4 
 11   9   8   7 

  2   1  14   3 
 12   0  13   5 
 10   6  15   4 
 11   9   8   7 

  2   1  14   3 
 12  13   0   5 
 10   6  15   4 
 11   9   8   7 

  2   1   0   3 
 12  13  14   5 
 10   6  15   4 
 11   9   8   7 

  2   1   3   0 
 12  13  14   5 
 10   6  15   4 
 11   9   8   7 

  2   1   3   5 
 12  13  14   0 
 10   6  15   4 
 11   9   8   7 

  2   1   3   5 
 12  13  14   4 
 10   6  15   0 
 11   9   8   7 

  2   1   3   5 
 12  13  14   4 
 10   6   0  15 
 11   9   8   7 

  2   1   3   5 
 12  13   0   4 
 10   6  14  15 
 11   9   8   7 

  2   1   3   5 
 12  13   4   0 
 10   6  14  15 
 11   9   8   7 

  2   1   3   0 
 12  13   4   5 
 10   6  14  15 
 11   9   8   7 

  2   1   0   3 
 12  13   4   5 
 10   6  14  15 
 11   9   8   7 

  2   1   4   3 
 12  13   0   5 
 10   6  14  15 
 11   9   8   7 

  2   1   4   3 
 12  13  14   5 
 10   6   0  15 
 11   9   8   7 

  2   1   4   3 
 12  13  14   5 
 10   0   6  15 
 11   9   8   7 

  2   1   4   3 
 12  13  14   5 
 10   9   6  15 
 11   0   8   7 

  2   1   4   3 
 12  13  14   5 
 10   9   6  15 
 11   8   0   7 

  2   1   4   3 
 12  13  14   5 
 10   9   0  15 
 11   8   6   7 

  2   1   4   3 
 12  13  14   5 
 10   9  15   0 
 11   8   6   7 

  2   1   4   3 
 12  13  14   5 
 10   9  15   7 
 11   8   6   0 

  2   1   4   3 
 12  13  14   5 
 10   9  15   7 
 11   8   0   6 

  2   1   4   3 
 12  13  14   5 
 10   9  15   7 
 11   0   8   6 

  2   1   4   3 
 12  13  14   5 
 10   0  15   7 
 11   9   8   6 

  2   1   4   3 
 12  13  14   5 
  0  10  15   7 
 11   9   8   6 

  2   1   4   3 
  0  13  14   5 
 12  10  15   7 
 11   9   8   6 

  0   1   4   3 
  2  13  14   5 
 12  10  15   7 
 11   9   8   6 

  1   0   4   3 
  2  13  14   5 
 12  10  15   7 
 11   9   8   6 

  1  13   4   3 
  2   0  14   5 
 12  10  15   7 
 11   9   8   6 

  1  13   4   3 
  0   2  14   5 
 12  10  15   7 
 11   9   8   6 

  1  13   4   3 
 12   2  14   5 
  0  10  15   7 
 11   9   8   6 

  1  13   4   3 
 12   2  14   5 
 11  10  15   7 
  0   9   8   6 

  1  13   4   3 
 12   2  14   5 
 11  10  15   7 
  9   0   8   6 

  1  13   4   3 
 12   2  14   5 
 11  10  15   7 
  9   8   0   6 

  1  13   4   3 
 12   2  14   5 
 11  10  15   7 
  9   8   6   0 

  1  13   4   3 
 12   2  14   5 
 11  10  15   0 
  9   8   6   7 

  1  13   4   3 
 12   2  14   5 
 11  10   0  15 
  9   8   6   7 

  1  13   4   3 
 12   2  14   5 
 11  10   6  15 
  9   8   0   7 

  1  13   4   3 
 12   2  14   5 
 11  10   6  15 
  9   0   8   7 

  1  13   4   3 
 12   2  14   5 
 11   0   6  15 
  9  10   8   7 

  1  13   4   3 
 12   0  14   5 
 11   2   6  15 
  9  10   8   7 

  1   0   4   3 
 12  13  14   5 
 11   2   6  15 
  9  10   8   7 

  1   4   0   3 
 12  13  14   5 
 11   2   6  15 
  9  10   8   7 

  1   4   3   0 
 12  13  14   5 
 11   2   6  15 
  9  10   8   7 

  1   4   3   5 
 12  13  14   0 
 11   2   6  15 
  9  10   8   7 

  1   4   3   5 
 12  13  14  15 
 11   2   6   0 
  9  10   8   7 

  1   4   3   5 
 12  13  14  15 
 11   2   0   6 
  9  10   8   7 

  1   4   3   5 
 12  13   0  15 
 11   2  14   6 
  9  10   8   7 

  1   4   3   5 
 12  13  15   0 
 11   2  14   6 
  9  10   8   7 

  1   4   3   0 
 12  13  15   5 
 11   2  14   6 
  9  10   8   7 

  1   4   0   3 
 12  13  15   5 
 11   2  14   6 
  9  10   8   7 

  1   0   4   3 
 12  13  15   5 
 11   2  14   6 
  9  10   8   7 

  1  13   4   3 
 12   0  15   5 
 11   2  14   6 
  9  10   8   7 

  1  13   4   3 
 12   2  15   5 
 11   0  14   6 
  9  10   8   7 

  1  13   4   3 
 12   2  15   5 
 11  10  14   6 
  9   0   8   7 

  1  13   4   3 
 12   2  15   5 
 11  10  14   6 
  0   9   8   7 

  1  13   4   3 
 12   2  15   5 
  0  10  14   6 
 11   9   8   7 

  1  13   4   3 
 12   2  15   5 
 10   0  14   6 
 11   9   8   7 

  1  13   4   3 
 12   0  15   5 
 10   2  14   6 
 11   9   8   7 

  1  13   4   3 
 12  15   0   5 
 10   2  14   6 
 11   9   8   7 

  1  13   4   3 
 12  15  14   5 
 10   2   0   6 
 11   9   8   7 

  1  13   4   3 
 12  15  14   5 
 10   0   2   6 
 11   9   8   7 

  1  13   4   3 
 12   0  14   5 
 10  15   2   6 
 11   9   8   7 

  1   0   4   3 
 12  13  14   5 
 10  15   2   6 
 11   9   8   7 

  1   4   0   3 
 12  13  14   5 
 10  15   2   6 
 11   9   8   7 

  1   4   3   0 
 12  13  14   5 
 10  15   2   6 
 11   9   8   7 

  1   4   3   5 
 12  13  14   0 
 10  15   2   6 
 11   9   8   7 

  1   4   3   5 
 12  13   0  14 
 10  15   2   6 
 11   9   8   7 

  1   4   3   5 
 12  13   2  14 
 10  15   0   6 
 11   9   8   7 

  1   4   3   5 
 12  13   2  14 
 10   0  15   6 
 11   9   8   7 

  1   4   3   5 
 12   0   2  14 
 10  13  15   6 
 11   9   8   7 

  1   4   3   5 
 12   2   0  14 
 10  13  15   6 
 11   9   8   7 

  1   4   3   5 
 12   2  14   0 
 10  13  15   6 
 11   9   8   7 

  1   4   3   0 
 12   2  14   5 
 10  13  15   6 
 11   9   8   7 

  1   4   0   3 
 12   2  14   5 
 10  13  15   6 
 11   9   8   7 

  1   0   4   3 
 12   2  14   5 
 10  13  15   6 
 11   9   8   7 

  1   2   4   3 
 12   0  14   5 
 10  13  15   6 
 11   9   8   7 

  1   2   4   3 
 12  13  14   5 
 10   0  15   6 
 11   9   8   7 

  1   2   4   3 
 12  13  14   5 
  0  10  15   6 
 11   9   8   7 

  1   2   4   3 
 12  13  14   5 
 11  10  15   6 
  0   9   8   7 

  1   2   4   3 
 12  13  14   5 
 11  10  15   6 
  9   0   8   7 

  1   2   4   3 
 12  13  14   5 
 11   0  15   6 
  9  10   8   7 

  1   2   4   3 
 12  13  14   5 
 11  15   0   6 
  9  10   8   7 

  1   2   4   3 
 12  13  14   5 
 11  15   6   0 
  9  10   8   7 

  1   2   4   3 
 12  13  14   0 
 11  15   6   5 
  9  10   8   7 

  1   2   4   0 
 12  13  14   3 
 11  15   6   5 
  9  10   8   7 

  1   2   0   4 
 12  13  14   3 
 11  15   6   5 
  9  10   8   7 

  1   2  14   4 
 12  13   0   3 
 11  15   6   5 
  9  10   8   7 

  1   2  14   4 
 12  13   3   0 
 11  15   6   5 
  9  10   8   7 

  1   2  14   4 
 12  13   3   5 
 11  15   6   0 
  9  10   8   7 

  1   2  14   4 
 12  13   3   5 
 11  15   0   6 
  9  10   8   7 

  1   2  14   4 
 12  13   3   5 
 11   0  15   6 
  9  10   8   7 

  1   2  14   4 
 12  13   3   5 
 11  10  15   6 
  9   0   8   7 

  1   2  14   4 
 12  13   3   5 
 11  10  15   6 
  0   9   8   7 

  1   2  14   4 
 12  13   3   5 
  0  10  15   6 
 11   9   8   7 

  1   2  14   4 
 12  13   3   5 
 10   0  15   6 
 11   9   8   7 

  1   2  14   4 
 12  13   3   5 
 10  15   0   6 
 11   9   8   7 

  1   2  14   4 
 12  13   3   5 
 10  15   8   6 
 11   9   0   7 

  1   2  14   4 
 12  13   3   5 
 10  15   8   6 
 11   0   9   7 

  1   2  14   4 
 12  13   3   5 
 10  15   8   6 
  0  11   9   7 

  1   2  14   4 
 12  13   3   5 
  0  15   8   6 
 10  11   9   7 

  1   2  14   4 
 12  13   3   5 
 15   0   8   6 
 10  11   9   7 

  1   2  14   4 
 12  13   3   5 
 15  11   8   6 
 10   0   9   7 

  1   2  14   4 
 12  13   3   5 
 15  11   8   6 
 10   9   0   7 

  1   2  14   4 
 12  13   3   5 
 15  11   0   6 
 10   9   8   7 

  1   2  14   4 
 12  13   3   5 
 15   0  11   6 
 10   9   8   7 

  1   2  14   4 
 12   0   3   5 
 15  13  11   6 
 10   9   8   7 

  1   2  14   4 
 12   3   0   5 
 15  13  11   6 
 10   9   8   7 

  1   2   0   4 
 12   3  14   5 
 15  13  11   6 
 10   9   8   7 

  1   0   2   4 
 12   3  14   5 
 15  13  11   6 
 10   9   8   7 

  1   3   2   4 
 12   0  14   5 
 15  13  11   6 
 10   9   8   7 

  1   3   2   4 
 12  13  14   5 
 15   0  11   6 
 10   9   8   7 

  1   3   2   4 
 12  13  14   5 
  0  15  11   6 
 10   9   8   7 

  1   3   2   4 
 12  13  14   5 
 10  15  11   6 
  0   9   8   7 

  1   3   2   4 
 12  13  14   5 
 10  15  11   6 
  9   0   8   7 

  1   3   2   4 
 12  13  14   5 
 10   0  11   6 
  9  15   8   7 

  1   3   2   4 
 12  13  14   5 
 10  11   0   6 
  9  15   8   7 

  1   3   2   4 
 12  13  14   5 
 10  11   8   6 
  9  15   0   7 

  1   3   2   4 
 12  13  14   5 
 10  11   8   6 
  9   0  15   7 

  1   3   2   4 
 12  13  14   5 
 10  11   8   6 
  0   9  15   7 

  1   3   2   4 
 12  13  14   5 
  0  11   8   6 
 10   9  15   7 

  1   3   2   4 
 12  13  14   5 
 11   0   8   6 
 10   9  15   7 

  1   3   2   4 
 12  13  14   5 
 11   8   0   6 
 10   9  15   7 

  1   3   2   4 
 12  13  14   5 
 11   8  15   6 
 10   9   0   7 

  1   3   2   4 
 12  13  14   5 
 11   8  15   6 
 10   0   9   7 

  1   3   2   4 
 12  13  14   5 
 11   0  15   6 
 10   8   9   7 

  1   3   2   4 
 12   0  14   5 
 11  13  15   6 
 10   8   9   7 

  1   3   2   4 
 12  14   0   5 
 11  13  15   6 
 10   8   9   7 

  1   3   2   4 
 12  14  15   5 
 11  13   0   6 
 10   8   9   7 

  1   3   2   4 
 12  14  15   5 
 11  13   9   6 
 10   8   0   7 

  1   3   2   4 
 12  14  15   5 
 11  13   9   6 
 10   0   8   7 

  1   3   2   4 
 12  14  15   5 
 11   0   9   6 
 10  13   8   7 

  1   3   2   4 
 12  14  15   5 
 11   9   0   6 
 10  13   8   7 

  1   3   2   4 
 12  14   0   5 
 11   9  15   6 
 10  13   8   7 

  1   3   2   4 
 12   0  14   5 
 11   9  15   6 
 10  13   8   7 

  1   3   2   4 
 12   9  14   5 
 11   0  15   6 
 10  13   8   7 

  1   3   2   4 
 12   9  14   5 
 11  13  15   6 
 10   0   8   7 

  1   3   2   4 
 12   9  14   5 
 11  13  15   6 
 10   8   0   7 

  1   3   2   4 
 12   9  14   5 
 11  13   0   6 
 10   8  15   7 

  1   3   2   4 
 12   9  14   5 
 11   0  13   6 
 10   8  15   7 

  1   3   2   4 
 12   0  14   5 
 11   9  13   6 
 10   8  15   7 

  1   3   2   4 
 12  14   0   5 
 11   9  13   6 
 10   8  15   7 

  1   3   2   4 
 12  14  13   5 
 11   9   0   6 
 10   8  15   7 

  1   3   2   4 
 12  14  13   5 
 11   9  15   6 
 10   8   0   7 

  1   3   2   4 
 12  14  13   5 
 11   9  15   6 
 10   0   8   7 

  1   3   2   4 
 12  14  13   5 
 11   0  15   6 
 10   9   8   7 

  1   3   2   4 
 12   0  13   5 
 11  14  15   6 
 10   9   8   7 

  1   3   2   4 
 12  13   0   5 
 11  14  15   6 
 10   9   8   7 

  1   3   2   4 
 12  13  15   5 
 11  14   0   6 
 10   9   8   7 

  1   3   2   4 
 12  13  15   5 
 11   0  14   6 
 10   9   8   7 

  1   3   2   4 
 12   0  15   5 
 11  13  14   6 
 10   9   8   7 

  1   3   2   4 
 12  15   0   5 
 11  13  14   6 
 10   9   8   7 

  1   3   2   4 
 12  15  14   5 
 11  13   0   6 
 10   9   8   7 

  1   3   2   4 
 12  15  14   5 
 11   0  13   6 
 10   9   8   7 

  1   3   2   4 
 12   0  14   5 
 11  15  13   6 
 10   9   8   7 

  1   0   2   4 
 12   3  14   5 
 11  15  13   6 
 10   9   8   7 

  1   2   0   4 
 12   3  14   5 
 11  15  13   6 
 10   9   8   7 

  1   2  14   4 
 12   3   0   5 
 11  15  13   6 
 10   9   8   7 

  1   2  14   4 
 12   3  13   5 
 11  15   0   6 
 10   9   8   7 

  1   2  14   4 
 12   3  13   5 
 11   0  15   6 
 10   9   8   7 

  1   2  14   4 
 12   0  13   5 
 11   3  15   6 
 10   9   8   7 

  1   2  14   4 
 12  13   0   5 
 11   3  15   6 
 10   9   8   7 

  1   2   0   4 
 12  13  14   5 
 11   3  15   6 
 10   9   8   7 

  1   0   2   4 
 12  13  14   5 
 11   3  15   6 
 10   9   8   7 

  1  13   2   4 
 12   0  14   5 
 11   3  15   6 
 10   9   8   7 

  1  13   2   4 
 12   3  14   5 
 11   0  15   6 
 10   9   8   7 

  1  13   2   4 
 12   3  14   5 
 11  15   0   6 
 10   9   8   7 

  1  13   2   4 
 12   3   0   5 
 11  15  14   6 
 10   9   8   7 

  1  13   2   4 
 12   0   3   5 
 11  15  14   6 
 10   9   8   7 

  1   0   2   4 
 12  13   3   5 
 11  15  14   6 
 10   9   8   7 

  1   2   0   4 
 12  13   3   5 
 11  15  14   6 
 10   9   8   7 

  1   2   3   4 
 12  13   0   5 
 11  15  14   6 
 10   9   8   7 

  1   2   3   4 
 12  13  14   5 
 11  15   0   6 
 10   9   8   7 

  1   2   3   4 
 12  13  14   5 
 11   0  15   6 
 10   9   8   7 


