# This puzzle is solvable
15
107   5 175   2 177 110 142 202   1 109  64  12 114  20  16
102   0  56  62  55  54 157 103  65  66 200  11   8  67  15
  6 196  98 147 138   7 149  57 150 178 181 113  13 117  14
146 143  58   3 210  60  74 183  24 152 111  69 122   9  71
144 176  50 199 105 180 153 179  72  10 158 115 112  18 156
218  53  61 198  63 174 223 151 148  17 224  19 221 121 204
201 130 167   4 155  59 193 182 154 116 205  73 119  75  68
145 104 173 101  99 108 222 214 217 215  27 163  80  77  22
 51  93 106 197  38 169 186 100 203 207 211 165  21 206  70
171  49  46 136 220 172 184  35  33 192 128 187 159 118 185
141  86  95 133 168 212  37 188 166 126 209 208  23  76  82
170 140  44  94 216 195 164  34 161  36 191  88  25  28  85
 47  43  96 137 139  91 134  52 129 131 219  26  78 190 162
 40  48 135  42  89  90 194 125 132 127  79  31  30 124 123
213  92  97  41  45  32  39  84  87 120 160  83  29 189  81